[100, 99, 99, 88, 95, 97, 98, 97, 88, 98, 94, 99, 100, 100, 100, 100, 100, 100, 100, 98, 100, 99, 100, 100, 98]
[0, 0, 0, 0, 2, 1, 1, 0, 0, 1, 0, 0, 0, 0, 0, 0, 0, 0, 0, 2, 0, 0, 0, 0, 0]
[2298.182732105255, 1550.097912788391, 1282.9314756393433, 1385.1397733688354, 1657.5429515838623, 1884.0234761238098, 2028.5566663742065, 2124.057535171509, 1714.6833040714264, 1773.3096487522125, 1539.0790529251099, 1588.0164322853088, 1475.0709161758423, 1438.480046749115, 1463.0433413982391, 1323.6157312393188, 1341.6992738246918, 1327.6753742694855, 1298.5008916854858, 1375.0856788158417, 1498.267085313797, 1473.6048641204834, 1634.4810938835144, 1551.200205564499, 1474.841880083084]
[100, 100, 99, 100, 100, 100, 100, 100, 100, 100, 100, 100, 100, 100, 100, 100, 100, 100, 100, 100, 100, 100, 100, 100, 100, 100, 100, 100, 100, 98, 98, 100, 98, 94, 95, 99, 99, 100, 96, 96, 100, 99, 100, 96, 98]
[0, 0, 0, 0, 0, 0, 0, 0, 0, 0, 0, 0, 0, 0, 0, 0, 0, 0, 0, 0, 0, 0, 0, 0, 0, 0, 0, 0, 0, 2, 1, 0, 2, 4, 5, 1, 1, 0, 4, 2, 0, 1, 0, 4, 2]
[1550.7417979240417, 1670.6082911491394, 1361.2341187000275, 1440.5360660552979, 1458.4878616333008, 1483.7817533016205, 1285.379454612732, 1265.4423115253448, 1297.365330696106, 1292.1643552780151, 1318.3493223190308, 1270.1548955440521, 1373.2176222801208, 1316.995332479477, 1303.7913460731506, 1259.7621076107025, 1302.5459203720093, 1246.4067115783691, 1287.7713520526886, 1220.3605189323425, 1290.081083536148, 1216.1767883300781, 1269.2521636486053, 1245.066270828247, 1270.447949886322, 1288.4448537826538, 1214.5157299041748, 1178.328775882721, 1183.1533691883087, 1243.1037147045135, 1268.1084229946136, 1308.9697909355164, 1331.4799349308014, 1236.078251838684, 1230.0114567279816, 1275.435961008072, 1267.883572101593, 1265.595137834549, 1277.768343925476, 1421.973884820938, 1337.6928963661194, 1378.7295486927032, 1239.9147248268127, 1271.4987621307373, 1203.3221235275269]


[2481.532154083252, 1981.799144744873, 1923.58549118042, 1777.1359090805054, 1777.360714673996, 1743.3299374580383, 1915.0346519947052, 2099.7661373615265, 2001.3216195106506, 1540.7520649433136, 1849.6168913841248, 2044.4148216247559, 1915.4267613887787, 1761.5269181728363, 1989.994916677475, 1727.3730201721191, 1643.8634026050568, 1616.5517241954803, 2035.4457635879517, 2012.38627743721, 1836.5274696350098, 1784.7333929538727, 1985.7012419700623, 1857.5943882465363, 1957.7447385787964]
[84, 84, 85, 88, 86, 83, 82, 87, 86, 87, 95, 88, 86, 90, 88, 87, 85, 89, 89, 90, 91, 87, 90, 89, 89]
[3, 1, 4, 2, 3, 3, 0, 0, 0, 0, 0, 0, 0, 0, 0, 0, 0, 0, 0, 0, 0, 0, 0, 0, 0]
[1849.8376653194427, 1874.1048846244812, 2024.6347393989563, 2148.9110713005066, 1945.2943031787872, 1937.6089253425598, 1638.3955116271973, 1864.9538972377777, 1897.6047503948212, 1821.1327855587006, 2176.926164627075, 1936.686462879181, 1902.3157906532288, 2023.1574029922485, 1877.1905210018158, 1893.4353976249695, 1783.8601517677307, 1794.724638223648, 1831.0495510101318, 1907.8030819892883, 1953.9612863063812, 1797.961303949356, 1945.219761133194, 1677.0049390792847, 1823.9861660003662]
[86, 88, 89, 95, 93, 95, 87, 92, 89, 88, 94, 92, 92, 73, 84, 82, 81, 80, 84, 82]
[0, 0, 0, 0, 0, 0, 0, 0, 1, 1, 0, 2, 2, 9, 6, 6, 5, 6, 4, 1]
[1740.7992489337921, 1817.237915277481, 1697.0465469360352, 1883.374680519104, 1723.1126635074615, 1863.7793507575989, 1654.6471049785614, 1841.8227009773254, 1728.6896073818207, 1807.321962594986, 1898.4004912376404, 1941.7206921577454, 1890.2018914222717, 1384.2189061641693, 1753.2894749641418, 1693.6575062274933, 1620.2528204917908, 1555.989227771759, 1615.396193742752, 1592.402872800827]

[80, 82, 87, 73, 74, 68, 64, 62, 71, 80, 74, 78, 80, 87, 93]
[4, 6, 4, 8, 9, 7, 3, 11, 11, 5, 9, 7, 5, 9, 1]
[2256.5684633255005, 1895.5712459087372, 1873.1121954917908, 1640.0894448757172, 1918.585695028305, 1828.2346971035004, 1841.5457241535187, 1904.0430982112885, 1804.2732701301575, 1965.0978770256042, 1864.1130681037903, 1766.9628458023071, 1801.2792193889618, 1884.6820147037506, 1995.705022096634]


